88
3535 3580 75
2
56 89
2173 3134 90
1
14
26 1158 60
3
105 71 78
2545 2674 60
5
22 87 78 50 58
2451 2485 45
2
40 104
810 1053 60
3
56 52 53
1410 1474 45
9
67 24 37 35 20 4 62 86 76
2488 3557 75
4
103 13 38 25
2679 3137 45
7
19 36 38 25 7 10 30
2889 3231 75
7
56 89 63 21 25 5 11
250 1980 60
6
61 91 98 45 44 41
2420 3415 75
5
42 57 49 77 88
3492 3507 60
7
12 6 26 22 64 90 55
1403 3229 90
9
75 85 61 96 89 63 21 23 68
3319 3534 75
4
9 8 26 37
1431 1513 90
1
54
622 3306 90
3
16 90 95
3494 3551 45
5
65 64 90 95 91
2823 2961 45
3
28 10 32
2810 3068 75
3
52 36 38
259 2225 90
4
19 36 38 25
2410 2697 60
3
77 88 21
833 1357 60
2
72 106
1722 2448 60
7
46 56 52 36 38 23 68
3150 3417 75
8
80 83 65 87 78 50 58 41
3580 3592 75
4
77 88 21 23
456 1758 45
4
38 25 7 10
2369 3258 75
1
91
1950 3141 75
2
29 32
1863 2298 90
7
57 49 77 88 21 23 73
3013 3387 45
5
103 13 35 20 2
390 1326 90
4
6 26 37 35
3555 3573 45
1
63
2215 3063 75
2
89 100
932 2208 45
3
38 22 66
330 1475 45
3
93 98 45
3313 3594 60
2
20 2
1744 2796 60
2
102 106
1781 3337 45
5
1 4 96 89 100
1983 2351 75
7
1 19 36 38 25 5 11
1810 2629 45
3
98 105 71
3371 3387 90
9
67 24 37 35 20 4 62 86 76
2679 3095 60
1
62
2742 3292 60
2
30 80
2818 3554 90
7
75 85 61 96 89 15 14
1819 3497 90
4
21 25 7 10
3029 3460 75
3
1 4 91
2079 2528 75
1
19
989 3487 90
4
13 16 63 66
3489 3496 75
3
90 95 62
1617 2544 90
4
101 99 15 14
3591 3593 75
9
42 57 49 77 88 21 25 5 11
3476 3500 90
4
65 64 15 35
431 1343 60
6
36 38 25 7 10 30
3268 3340 60
3
46 56 95
363 1992 90
2
69 24
151 2452 60
4
12 28 10 34
2893 2994 75
3
12 28 10
1420 2907 75
1
57
2546 2640 75
2
95 3
3571 3590 60
6
12 6 26 22 87 72
3280 3575 75
3
55 45 44
1827 2878 75
6
26 22 64 90 55 45
2743 3010 60
5
24 22 87 78 50
90 3365 75
5
77 88 21 25 5
727 2458 75
4
64 90 95 62
1918 2776 90
2
28 10
2000 2503 45
2
1 4
2869 3494 60
3
66 84 79
2094 2286 60
4
19 36 38 25
907 3342 60
3
37 16 100
3225 3276 75
3
45 44 57
2597 3550 90
2
42 57
2394 2490 90
2
64 100
1842 3580 60
5
67 24 37 35 20
3379 3598 60
8
85 61 96 89 63 66 84 79
91 2641 60
2
99 15
1126 3050 45
3
61 91 98
970 1431 60
1
54
2331 2978 75
4
99 63 66 84
1774 2213 90
1
38
3245 3426 75
5
91 98 105 71 78
2349 3185 90
2
42 57
1170 2193 90
8
42 57 49 77 88 21 23 68
3309 3400 75
1
91
1635 1949 90
2
36 16
2413 3174 45
5
57 49 77 88 21
1253 1648 90
5
46 56 52 36 14
