36
28.674579650000002 115.847174925 42167350403 1
28.675813249999997 115.841737175 42167350405 1
28.67896945 115.84839492500001 42167350420 1
28.6825176 115.84938435000001 42167350438 0
28.682649750000003 115.83705922499999 42167350445 1
28.68463535 115.84250444999999 42167350456 1
28.6848265 115.83234605 42167350458 0
28.6865176 115.8377342 12167350464 0
28.687264075 115.848014625 42167350474 0
28.688112099999998 115.83444109999999 42167350476 1
28.688536425 115.844729325 42167350479 1
28.681282225 115.84057437499999 42265990106 1
28.672432425 115.83987712499999 42294463892 1
28.673870899999997 115.84069500000001 22294463895 0
28.6739045 115.84058200000001 22294465661 0
28.6768983 115.8338534 12294471859 0
28.6738211 115.8368346 12294471861 0
28.67991605 115.84410872499998 42294477575 1
28.6751169 115.8447739 22318148289 1
28.67947425 115.84600585000001 22318148293 1
28.686007425 115.839110525 42365406897 1
28.6871129 115.8369108 12365406899 1
28.689819149999998 115.84146887499999 42365409354 1
28.67737555 115.83821185 22372852612 1
28.679039 115.8391812 12372852614 0
28.678914575 115.8348903 42381408549 1
28.69073945 115.8391207 23137016667 0
28.6904409 115.8457605 13137029377 0
28.6886759 115.8406186 13987210066 0
28.6895268 115.8384026 13987210067 1
28.69049995 115.83595005000001 23987210068 0
28.683320225 115.84592275 44052836274 1
28.6877547 115.8351392 14454920703 1
28.6828852 115.8471809 14670355735 1
28.6866282 115.8377798 14790105773 1
28.672666550000002 115.84665025 28076984869 0
51
42167350438 14670355735 177.0 13.88888888888889 3 3 1 2
1 0 0 0 1 0 0 0 1
1 0 0 0 1 0 0 0 1
22318148293 14670355735 391.0 11.11111111111111 3 3 3 4
1 0 0 0 1 0 0 0 1
1 0 0 0 1 0 0 0 1
14790105773 14454920703 278.0 16.666666666666668 3 3 5 6
1 0 0 0 1 0 0 0 1
1 0 0 0 1 0 0 0 1
14790105773 12365406899 100.0 16.666666666666668 3 3 7 8
1 0 0 0 1 0 0 0 1
1 0 0 0 1 0 0 0 1
13987210067 12365406899 305.0 11.11111111111111 3 3 9 10
1 0 0 0 1 0 0 0 1
1 0 0 0 1 0 0 0 1
14454920703 12167350464 287.0 16.666666666666668 3 3 11 12
1 0 0 0 1 0 0 0 1
1 0 0 0 1 0 0 0 1
42167350479 42167350456 474.0 11.11111111111111 3 3 13 14
1 0 0 0 1 0 0 0 1
1 0 0 0 1 0 0 0 1
42265990106 42167350456 407.0 11.11111111111111 3 3 15 16
1 0 0 0 1 0 0 0 1
1 0 0 0 1 0 0 0 1
14454920703 42167350476 68.0 2.7777777777777777 3 3 17 18
1 0 0 0 1 0 0 0 1
1 0 0 0 1 0 0 0 1
14670355735 44052836274 111.0 2.7777777777777777 3 3 19 20
1 0 0 0 1 0 0 0 1
1 0 0 0 1 0 0 0 1
42167350445 42365406897 411.0 13.88888888888889 3 3 21 22
1 0 0 0 1 0 0 0 1
1 0 0 0 1 0 0 0 1
42365406897 42365409354 468.0 13.88888888888889 3 3 23 24
1 0 0 0 1 0 0 0 1
1 0 0 0 1 0 0 0 1
42365406897 14790105773 134.0 16.666666666666668 3 3 25 26
1 0 0 0 1 0 0 0 1
1 0 0 0 1 0 0 0 1
12365406899 14454920703 213.0 16.666666666666668 3 3 27 28
1 0 0 0 1 0 0 0 1
1 0 0 0 1 0 0 0 1
23987210068 13987210067 259.0 11.11111111111111 3 3 29 30
1 0 0 0 1 0 0 0 1
1 0 0 0 1 0 0 0 1
13987210066 13987210067 236.0 11.11111111111111 3 3 31 32
1 0 0 0 1 0 0 0 1
1 0 0 0 1 0 0 0 1
23137016667 13987210067 147.0 11.11111111111111 3 3 33 34
1 0 0 0 1 0 0 0 1
1 0 0 0 1 0 0 0 1
42167350456 44052836274 281.0 16.666666666666668 3 3 35 36
1 0 0 0 1 0 0 0 1
1 0 0 0 1 0 0 0 1
42365406897 42167350456 347.0 16.666666666666668 3 3 37 38
1 0 0 0 1 0 0 0 1
1 0 0 0 1 0 0 0 1
42167350479 42167350474 333.0 11.11111111111111 3 3 39 40
1 0 0 0 1 0 0 0 1
1 0 0 0 1 0 0 0 1
42294463892 22294463895 269.0 11.11111111111111 3 3 41 42
1 0 0 0 1 0 0 0 1
1 0 0 0 1 0 0 0 1
42294463892 22294465661 236.0 11.11111111111111 3 3 43 44
1 0 0 0 1 0 0 0 1
1 0 0 0 1 0 0 0 1
42167350405 22294465661 125.0 16.666666666666668 3 3 45 46
1 0 0 0 1 0 0 0 1
1 0 0 0 1 0 0 0 1
12294471861 12294471859 530.0 16.666666666666668 3 3 49 50
1 0 0 0 1 0 0 0 1
1 0 0 0 1 0 0 0 1
44052836274 42294477575 256.0 16.666666666666668 3 3 51 52
1 0 0 0 1 0 0 0 1
1 0 0 0 1 0 0 0 1
44052836274 42167350474 342.0 16.666666666666668 3 3 53 54
1 0 0 0 1 0 0 0 1
1 0 0 0 1 0 0 0 1
42294477575 42167350405 358.0 16.666666666666668 3 3 55 56
1 0 0 0 1 0 0 0 1
1 0 0 0 1 0 0 0 1
42294463892 12294471861 228.0 16.666666666666668 3 3 57 58
1 0 0 0 1 0 0 0 1
1 0 0 0 1 0 0 0 1
42167350420 22318148293 187.0 11.11111111111111 3 3 61 62
1 0 0 0 1 0 0 0 1
1 0 0 0 1 0 0 0 1
42265990106 42167350445 360.0 11.11111111111111 3 3 63 64
1 0 0 0 1 0 0 0 1
1 0 0 0 1 0 0 0 1
42167350458 42167350445 505.0 11.11111111111111 3 3 65 66
1 0 0 0 1 0 0 0 1
1 0 0 0 1 0 0 0 1
23137016667 42365409354 239.0 11.11111111111111 3 3 67 68
1 0 0 0 1 0 0 0 1
1 0 0 0 1 0 0 0 1
42167350479 42365409354 330.0 11.11111111111111 3 3 69 70
1 0 0 0 1 0 0 0 1
1 0 0 0 1 0 0 0 1
22372852612 42381408549 354.0 11.11111111111111 3 3 71 72
1 0 0 0 1 0 0 0 1
1 0 0 0 1 0 0 0 1
42365409354 13987210066 145.0 13.88888888888889 3 3 73 74
1 0 0 0 1 0 0 0 1
1 0 0 0 1 0 0 0 1
28076984869 42167350403 153.0 13.88888888888889 3 3 75 76
1 0 0 0 1 0 0 0 1
1 0 0 0 1 0 0 0 1
12294471859 42381408549 238.0 13.88888888888889 3 3 77 78
1 0 0 0 1 0 0 0 1
1 0 0 0 1 0 0 0 1
42167350476 23987210068 246.0 13.88888888888889 3 3 79 80
1 0 0 0 1 0 0 0 1
1 0 0 0 1 0 0 0 1
42167350420 42167350438 259.0 13.88888888888889 3 3 81 82
1 0 0 0 1 0 0 0 1
1 0 0 0 1 0 0 0 1
42167350476 42167350458 351.0 13.88888888888889 3 3 83 84
1 0 0 0 1 0 0 0 1
1 0 0 0 1 0 0 0 1
42167350403 42167350420 368.0 13.88888888888889 3 3 85 86
1 0 0 0 1 0 0 0 1
1 0 0 0 1 0 0 0 1
42167350445 42381408549 455.0 13.88888888888889 3 3 87 88
1 0 0 0 1 0 0 0 1
1 0 0 0 1 0 0 0 1
42294477575 42265990106 297.0 11.11111111111111 3 3 89 90
1 0 0 0 1 0 0 0 1
1 0 0 0 1 0 0 0 1
22318148293 22318148289 491.0 11.11111111111111 3 3 91 92
1 0 0 0 1 0 0 0 1
1 0 0 0 1 0 0 0 1
42167350403 22318148289 173.0 11.11111111111111 3 3 93 94
1 0 0 0 1 0 0 0 1
1 0 0 0 1 0 0 0 1
42294477575 22318148293 138.0 11.11111111111111 3 3 95 96
1 0 0 0 1 0 0 0 1
1 0 0 0 1 0 0 0 1
42167350405 22318148289 228.0 11.11111111111111 3 3 97 98
1 0 0 0 1 0 0 0 1
1 0 0 0 1 0 0 0 1
12372852614 42265990106 283.0 11.11111111111111 3 3 99 100
1 0 0 0 1 0 0 0 1
1 0 0 0 1 0 0 0 1
22372852612 12372852614 202.0 11.11111111111111 3 3 101 102
1 0 0 0 1 0 0 0 1
1 0 0 0 1 0 0 0 1
13137029377 42167350479 230.0 11.11111111111111 3 3 103 104
1 0 0 0 1 0 0 0 1
1 0 0 0 1 0 0 0 1
42167350405 22372852612 322.0 11.11111111111111 3 3 105 106
1 0 0 0 1 0 0 0 1
1 0 0 0 1 0 0 0 1
22
14670355735 2 4 19 -1
22318148293 3 62 91 96
14790105773 26 -1 5 7
14454920703 28 6 11 17
12365406899 10 8 -1 27
13987210067 34 32 9 30
42167350479 104 39 13 69
42167350456 14 35 16 38
42265990106 15 90 100 63
42167350476 79 18 83 -1
44052836274 53 20 51 36
42167350445 21 64 87 66
42365406897 23 37 22 25
42365409354 70 24 73 68
42294463892 43 41 -1 57
42167350405 56 97 45 105
42294477575 52 95 55 89
42167350420 81 -1 86 61
22372852612 101 106 -1 71
42381408549 88 72 78 -1
42167350403 85 -1 76 93
22318148289 92 94 -1 98
